version https://git-lfs.github.com/spec/v1
oid sha256:ff2b159503f9cd3d51c796850ad86f1b3707fb77d32039cf412ab16f6f08e8b5
size 498
