version https://git-lfs.github.com/spec/v1
oid sha256:5775edbb09a31fe96d82a27944b5d3b07361f007d05c4c0ef1e56f8640c260a4
size 461
