version https://git-lfs.github.com/spec/v1
oid sha256:601bd2be68cc4e70b1fbf44b1a314ef82c95f200ce63569f3b3656061183b172
size 437
