version https://git-lfs.github.com/spec/v1
oid sha256:646f64e34b229ce81c08a8b740010ea133d4c7b95a08709139e833b6e003218d
size 748
