version https://git-lfs.github.com/spec/v1
oid sha256:b0c018a03e3337a005be378cd575f73770cb7f9399b6684bbdda0c2e0c6b1f77
size 748
