version https://git-lfs.github.com/spec/v1
oid sha256:6db1835156da3230bd8a2161b0e64b8cf49e6831ecee9a0dff421a5e83a36038
size 499
