version https://git-lfs.github.com/spec/v1
oid sha256:c05381f97137817306dacd7f3cdaf3ab3ed4267d12e0a0469d4d2783e307588b
size 758
