version https://git-lfs.github.com/spec/v1
oid sha256:97055495ae5d8dff9740d53ae2044de178ff189b4752119e7a2415eca0915502
size 460
